0 0.0000 0.9300 0.2000 0.4800 0.4300 0.3300 0.5000 0.6000 0.6000 0.3400 0.3000 1.0000 0.6500 0.0000 1.0000 0.1900 0.5400 0.0000 0.2300 0.1500 0.0000 0.0000 0.3000 0.3500 1.0000 1.0000 0.2100 0.3400 0.3700 0.0000 0.0000 0.0000 0.0000 0.0000 0.0000 0.3010 0.3510 0.0000 1.0000 0.5900 0.9400 0.0000 0.0000 1.0000 0.4400 1.0000 0.2700 0.1800 1.0000 0.0000 0.0900 0.4800 0.0470 0.6500 0.5000 0.4200 1.0000 1.0000 0.4609 0.6700 0.0000 0.0000 1.0000 muddy moods SPLIT
1 0.0000 0.5200 0.2000 0.4000 0.5000 1.0000 0.5000 0.6000 0.6000 0.7900 0.2300 1.0000 1.0000 1.0000 1.0000 1.0000 1.0000 1.0000 1.0000 1.0000 1.0000 1.0000 0.3000 0.3500 1.0000 1.0000 0.2100 0.3400 0.3700 0.0000 0.0000 0.0000 0.0000 0.0000 0.0000 0.3010 0.3510 0.0000 1.0000 0.2100 0.6700 0.0900 0.0000 0.0000 0.0000 1.0000 0.5000 1.0000 1.0000 0.0000 0.0400 0.4700 0.0500 0.6800 0.5000 0.5100 1.0000 1.0000 0.0000 0.0000 0.0000 0.0000 0.0000 Volle Kante
2 0.0000 0.2200 0.2000 0.3000 0.0000 0.1000 0.5000 0.3700 0.6000 0.6600 0.3900 1.0000 1.0000 0.8800 0.0000 0.5700 0.0000 0.5500 0.0000 0.5100 0.4600 0.0000 0.3000 0.3500 0.0000 1.0000 0.2100 0.3400 0.3700 0.0000 0.0000 0.0000 0.0000 0.0000 0.0000 0.3010 0.3510 0.0000 1.0000 0.3600 0.4500 0.0900 0.0000 0.0000 0.4400 1.0000 0.1000 0.2500 1.0000 0.0000 0.0900 0.4700 0.0470 0.6600 0.4200 0.3200 1.0000 1.0000 0.0000 0.0000 0.0000 0.0000 0.0000 clean
3  0.0000 0.5100 0.2000 0.0000 0.7500 0.2700 1.0000 0.3400 0.6000 0.3100 0.5400 1.0000 1.0000 0.0000 0.0000 0.0900 0.4800 0.0000 0.3700 0.1700 0.0000 0.0000 0.3000 0.3500 1.0000 1.0000 0.2100 0.3400 0.3700 0.0000 0.0000 0.0000 0.0000 0.0000 0.0000 0.3010 0.3510 0.0000 1.0000 0.6300 0.4100 0.4400 0.0000 1.0000 0.5600 1.0000 1.0000 0.0000 1.0000 0.0000 0.0400 0.6000 0.0770 0.7300 1.0000 0.6400 0.0000 1.0000 0.4609 0.0000 0.0000 0.0000 1.0000 hollow SPLIT
4 0.0000 0.2000 0.2000 0.3000 0.3400 0.3700 1.0000 0.6900 0.6000 0.0000 0.5400 1.0000 0.2200 1.0000 0.0000 0.0200 0.0800 0.0000 0.2300 0.1500 0.1800 1.0000 0.3000 0.3500 1.0000 0.0000 0.0000 0.0000 0.0000 0.0000 0.0000 0.0000 0.0000 0.0000 0.0000 0.0000 0.0000 0.0000 0.0000 0.0000 0.0000 0.0000 0.0000 0.0000 0.0000 0.0000 0.2500 0.4400 1.0000 0.0000 0.0600 0.5300 0.0400 0.7500 0.5000 0.1900 1.0000 1.0000 0.0000 0.0000 0.0000 0.0000 0.0000 talking space
5 0.0000 1.0000 0.2000 0.0000 0.3600 0.3900 0.9700 0.5300 0.6000 0.3400 0.2100 1.0000 1.0000 0.7800 0.0000 0.6500 0.0000 0.4961 0.2300 0.1200 0.0000 0.0000 0.3000 0.3500 1.0000 0.0000 0.0000 0.0000 0.0000 0.0000 0.0000 0.0000 0.0000 0.0000 0.0000 0.0000 0.0000 0.0000 1.0000 0.6400 0.4900 0.0000 0.0000 1.0000 0.3100 1.0000 0.4500 0.2700 1.0000 0.0000 0.1000 0.4900 0.0470 0.6700 0.2100 0.5000 1.0000 1.0000 0.4609 0.0500 0.0000 0.0000 1.0000 fat amped SPLIT
6 0.0000 1.0000 0.2000 0.6800 0.6800 0.7500 0.1000 0.5500 0.6000 0.0000 0.2200 1.0000 0.6500 1.0000 1.0000 0.4500 0.0000 0.4500 1.0000 1.0000 1.0000 0.0000 0.3000 0.3500 1.0000 0.0000 0.0000 0.0000 0.0000 0.0000 0.0000 0.0000 0.0000 0.0000 0.0000 0.0000 0.0000 0.0000 0.0000 0.0000 0.0000 0.0000 0.0000 1.0000 0.4600 0.1000 0.3800 0.2400 1.0000 0.0000 0.1000 0.6500 0.0670 0.7800 0.5000 0.2200 0.0000 1.0000 0.0000 0.0000 0.0000 0.0000 0.0000 FLPs fiese Forfiesa
7 0.0000 0.0000 0.2000 0.5000 0.2200 0.3900 0.5000 0.6000 0.6000 0.0000 0.4800 1.0000 1.0000 0.4540 0.2170 0.3550 0.1510 0.3030 0.0960 0.1890 0.0000 1.0000 0.5000 0.3800 1.0000 0.0000 0.0000 0.0000 0.0000 0.0000 0.0000 0.0000 0.0000 0.0000 0.0000 0.0000 0.0000 0.0000 0.0000 0.0000 0.0000 0.0000 0.0000 1.0000 0.0000 1.0000 0.5100 1.0000 1.0000 1.0000 0.1000 0.6500 0.0470 0.7100 1.0000 0.1700 0.0000 0.0000 0.0000 0.0000 0.0000 0.0000 0.0000 NHL
8 1.0000 0.0000 0.2000 0.0000 0.4300 0.2000 0.5000 0.7000 0.6000 0.0000 0.7000 1.0000 1.0000 0.4300 0.3050 0.2400 0.0990 0.0000 0.0000 0.0000 0.0000 0.0000 0.3000 0.3500 1.0000 0.0000 0.0000 0.0000 0.0000 0.0000 0.0000 0.0000 0.0000 0.0000 0.0000 0.0000 0.0000 0.0000 0.0000 0.0000 0.0000 0.0000 0.0000 1.0000 0.0000 0.6450 0.0000 0.7400 0.0000 0.0000 0.1000 0.6500 0.0470 0.7800 0.5000 0.5000 0.0000 0.0000 0.0000 0.0300 1.0000 0.0000 0.0000 FLPs cool bass 1
9 1.0000 0.0000 0.2000 0.0000 0.5200 0.1400 0.5000 0.7800 0.6000 0.0000 0.7000 1.0000 1.0000 0.4200 0.3050 0.1900 0.1690 0.0000 0.0000 0.0000 0.0000 0.0000 0.3000 0.3500 1.0000 0.0000 0.0000 0.0000 0.0000 0.0000 0.0000 0.0000 0.0000 0.0000 0.0000 0.0000 0.0000 0.0000 0.0000 0.0000 0.0000 0.0000 0.0000 1.0000 0.0000 0.6450 0.0000 0.7400 0.0000 0.0000 0.1000 0.6500 0.0470 0.7800 0.5000 0.5000 0.0000 0.0000 0.0000 0.0000 0.0000 0.0000 0.0000 FLPs cool bass 2
10 1.0000 0.0000 0.2000 0.0000 0.5200 0.2100 0.5000 0.7000 0.6000 0.0000 0.4000 1.0000 1.0000 0.2500 0.1450 0.0900 0.0390 0.0000 0.0000 0.0000 0.0000 0.0000 0.3000 0.3500 1.0000 0.0000 0.0000 0.0000 0.0000 0.0000 0.0000 0.0000 0.0000 0.0000 0.0000 0.0000 0.0000 0.0000 0.0000 0.0000 0.0000 0.0000 0.0000 1.0000 0.5400 1.0000 0.0000 0.2600 0.0000 0.0000 0.1000 0.6500 0.0470 0.7800 0.5000 0.1000 0.0000 0.0000 0.0000 0.0000 0.0000 0.0000 0.0000 FLPs even cooler bass
11 0.0000 0.7200 0.2000 0.0000 1.0000 0.3000 0.0100 0.5600 0.6000 0.0000 0.2800 1.0000 0.1600 0.5900 1.0000 0.0000 0.9900 0.3000 0.4200 0.8900 0.2400 1.0000 0.3000 0.3500 1.0000 0.0000 0.0000 0.0000 0.0000 0.0000 0.0000 0.0000 0.0000 0.0000 0.0000 0.0000 0.0000 0.0000 0.0000 0.0000 0.0000 0.0000 0.0000 1.0000 0.3500 1.0000 0.3700 0.6000 1.0000 1.0000 0.1000 0.3900 0.0470 1.0000 1.0000 0.5000 0.0000 0.0000 0.0000 0.0000 0.0000 0.0000 0.0000 cutter
12 0.0000 0.0000 1.0000 1.0000 0.7300 0.0000 1.0000 0.6000 0.6000 0.0000 0.1700 1.0000 0.7600 0.3400 0.0700 0.1400 0.5800 0.2700 1.0000 1.0000 1.0000 0.0000 0.3000 0.3500 1.0000 0.0000 0.0000 0.0000 0.0000 0.0000 0.0000 0.0000 0.0000 0.0000 0.0000 0.0000 0.0000 0.0000 0.0000 0.0000 0.0000 0.0000 0.0000 1.0000 0.5200 0.2400 1.0000 1.0000 0.0000 0.0000 0.1100 0.6800 0.0570 0.7700 0.5000 0.1100 0.0000 0.0000 0.0000 0.0000 0.0000 0.0000 0.0000 MODEM
13 0.0000 0.0400 0.2000 0.0000 0.2100 1.0000 1.0000 0.5200 0.6000 0.0000 0.4500 1.0000 1.0000 0.5900 0.0000 0.0000 0.0500 0.0000 0.0200 0.0000 0.0000 0.0000 0.7000 0.2900 1.0000 0.0000 0.0000 0.0000 0.0000 0.0000 0.0000 0.0000 0.0000 0.0000 0.0000 0.0000 0.0000 0.0000 0.0000 0.0000 0.0000 0.0000 0.0000 0.0000 0.0000 0.5700 0.4700 1.0000 1.0000 0.0000 0.2900 0.6500 0.1300 0.7800 0.5000 1.0000 1.0000 0.0000 0.0000 0.9800 1.0000 0.0000 0.0000 sine vibra
14 0.0000 1.0000 0.2000 0.4600 0.5700 0.3700 0.2000 0.6000 0.6000 0.4400 0.2900 1.0000 1.0000 0.8800 0.3700 0.7500 0.0000 0.5800 0.5400 0.0000 0.0800 0.0000 0.3000 0.3500 1.0000 0.0000 0.0000 0.0000 0.0000 0.0000 0.0000 0.0000 0.0000 0.0000 0.0000 0.0000 0.0000 0.0000 1.0000 0.5300 0.4100 0.6500 0.0000 1.0000 0.3900 1.0000 0.4500 0.1900 1.0000 0.0000 0.1000 0.6800 0.0470 0.7200 0.5000 0.4200 1.0000 1.0000 0.4297 0.0000 0.0000 0.0000 0.0000 some rotz SPLIT
15 0.0000 0.3300 0.2000 1.0000 0.7300 0.2400 1.0000 0.4600 0.6000 0.0000 0.3400 1.0000 1.0000 0.2300 0.0000 0.1100 0.6400 0.0000 0.4500 0.8400 0.4100 0.0000 0.3000 0.3500 1.0000 0.0000 0.0000 0.0000 0.0000 0.0000 0.0000 0.0000 0.0000 0.0000 0.0000 0.0000 0.0000 0.0000 0.0000 0.0000 0.0000 0.0000 0.0000 1.0000 0.1600 0.4800 0.2100 0.1000 1.0000 0.0000 0.0400 0.2500 0.0570 0.6100 0.7100 0.3800 0.0000 1.0000 0.0000 0.0000 0.0000 0.0000 0.0000 thin
16 0.0000 0.5500 0.2000 0.6000 0.1800 0.4400 0.0000 0.4900 0.6000 0.0000 0.6000 1.0000 0.4400 0.0000 1.0000 0.0000 0.0000 0.0000 0.2600 0.4900 0.0000 0.0000 0.3000 0.3500 1.0000 0.0000 0.0000 0.0000 0.0000 0.0000 0.0000 0.0000 0.0000 0.0000 0.0000 0.0000 0.0000 0.0000 0.0000 0.0000 0.0000 0.0000 0.0000 0.0000 0.2800 1.0000 0.3400 0.1900 1.0000 0.0000 0.0400 0.6400 0.0770 0.7700 1.0000 0.6900 1.0000 0.0000 0.0000 0.0000 0.0000 0.0000 0.0000 angel hair
17 0.0000 0.4500 0.2000 0.5300 0.5600 1.0000 0.5000 0.6000 0.6000 0.0000 0.2400 1.0000 1.0000 0.0000 0.2100 0.2700 0.6200 1.0000 0.0000 0.0000 0.0000 0.0000 0.3000 0.3500 1.0000 0.0000 0.0000 0.0000 0.0000 0.0000 0.0000 0.0000 0.0000 0.0000 0.0000 0.0000 0.0000 0.0000 0.0000 0.0000 0.0000 0.0000 0.0000 0.0000 0.4000 0.0000 0.6600 0.0000 1.0000 0.0000 0.1000 0.6500 0.0670 0.7800 0.7700 0.4200 1.0000 1.0000 0.0000 0.0000 0.0000 0.0000 0.0000 little duck
18 0.0000 0.0000 0.2000 0.6200 0.4500 0.2400 1.0000 0.6000 0.6000 0.0000 0.4500 1.0000 1.0000 0.7900 0.0000 0.4300 0.0000 0.1800 0.0000 0.0000 0.0800 1.0000 0.5700 0.3500 1.0000 0.0000 0.0000 0.0000 0.0000 0.0000 0.0000 0.0000 0.0000 0.0000 0.0000 0.0000 0.0000 0.0000 0.0000 0.0000 0.0000 0.0000 0.0000 0.0000 0.4000 0.0000 0.6600 0.0000 1.0000 0.0000 0.1000 0.6500 0.0470 0.7800 0.5000 0.4200 0.0000 0.0000 0.0000 0.0000 0.0000 0.0000 0.0000 dead entertainer
19 0.0000 0.9100 0.2000 0.4400 0.6500 0.3300 0.6800 0.6000 0.6000 0.0000 0.2200 1.0000 1.0000 0.0000 0.7900 0.5800 0.0000 0.2600 0.0000 0.0000 0.4400 1.0000 0.2100 0.3400 1.0000 0.0000 0.0000 0.0000 0.0000 0.0000 0.0000 0.0000 0.0000 0.0000 0.0000 0.0000 0.0000 0.0000 0.0000 0.0000 0.0000 0.0000 0.0000 1.0000 0.4000 0.0000 0.6600 0.0000 1.0000 0.0000 0.1000 0.6500 0.0470 0.7200 0.5000 0.5000 0.0000 1.0000 0.0000 0.0000 0.0000 0.0000 0.0000 resurrected entertainer
20 0.0000 0.0100 0.2000 0.8500 0.2300 0.3600 0.9900 0.6000 0.6000 0.0000 0.3700 1.0000 1.0000 0.4700 0.3800 0.2100 0.0000 0.0000 0.0000 0.0000 0.0000 1.0000 0.3000 0.3000 1.0000 0.0000 0.0000 0.0000 0.0000 0.0000 0.0000 0.0000 0.0000 0.0000 0.0000 0.0000 0.0000 0.0000 0.0000 0.0000 0.0000 0.0000 0.0000 0.0000 0.4000 0.0000 0.6600 0.0000 0.0000 0.0000 0.1000 0.6500 0.0470 0.7800 0.5000 0.5000 0.0000 0.0000 0.0000 0.0000 0.0000 0.0000 0.0000 cheap B*ntempi
21 1.0000 0.0000 0.2000 0.8600 0.0000 0.7500 0.5000 0.5100 0.6000 0.0000 0.6800 0.0000 1.0000 0.0000 0.0000 0.0000 1.0000 0.0000 0.0000 0.0400 0.0400 1.0000 0.3000 0.3500 0.0000 0.0000 0.0000 0.0000 0.0000 0.0000 0.0000 0.0000 0.0000 0.0000 0.0000 0.0000 0.0000 0.0000 0.0000 0.0000 0.0000 0.0000 0.0000 0.0000 0.6900 1.0000 0.9800 0.1900 1.0000 0.0000 0.0600 0.6500 0.0770 0.7800 0.5000 0.2200 0.0000 0.0000 0.0000 0.0000 0.0000 0.0000 0.0000 NDW lead
22 0.0000 0.2000 0.2000 0.0000 0.0000 0.7500 0.5000 0.6000 0.6000 0.0000 0.2200 0.0000 1.0000 1.0000 0.0000 0.0000 0.0000 0.0000 0.0000 0.0000 0.0000 0.0000 0.3000 0.3500 0.0000 0.0000 0.0000 0.0000 0.0000 0.0000 0.0000 0.0000 0.0000 0.0000 0.0000 0.0000 0.0000 0.0000 0.0000 0.0000 0.0000 0.0000 0.0000 0.0000 0.4000 0.0000 0.6600 0.0000 1.0000 0.0000 0.1000 0.6500 0.0470 0.7800 0.5000 0.5000 0.0000 0.0000 0.0000 0.0000 0.0000 0.0000 0.0000 the rest is empty
23 0.0000 0.2000 0.2000 0.0000 0.0000 0.7500 0.5000 0.6000 0.6000 0.0000 0.2200 0.0000 1.0000 1.0000 0.0000 0.0000 0.0000 0.0000 0.0000 0.0000 0.0000 0.0000 0.3000 0.3500 0.0000 0.0000 0.0000 0.0000 0.0000 0.0000 0.0000 0.0000 0.0000 0.0000 0.0000 0.0000 0.0000 0.0000 0.0000 0.0000 0.0000 0.0000 0.0000 0.0000 0.4000 0.0000 0.6600 0.0000 1.0000 0.0000 0.1000 0.6500 0.0470 0.7800 0.5000 0.5000 0.0000 0.0000 0.0000 0.0000 0.0000 0.0000 0.0000 make your own!
24 0.0000 0.2000 0.2000 0.0000 0.0000 0.7500 0.5000 0.6000 0.6000 0.0000 0.2200 0.0000 1.0000 1.0000 0.0000 0.0000 0.0000 0.0000 0.0000 0.0000 0.0000 0.0000 0.3000 0.3500 0.0000 0.0000 0.0000 0.0000 0.0000 0.0000 0.0000 0.0000 0.0000 0.0000 0.0000 0.0000 0.0000 0.0000 0.0000 0.0000 0.0000 0.0000 0.0000 0.0000 0.4000 0.0000 0.6600 0.0000 1.0000 0.0000 0.1000 0.6500 0.0470 0.7800 0.5000 0.5000 0.0000 0.0000 0.0000 0.0000 0.0000 0.0000 0.0000 just turn the knobs-
25 0.0000 0.2000 0.2000 0.0000 0.0000 0.7500 0.5000 0.6000 0.6000 0.0000 0.2200 0.0000 1.0000 1.0000 0.0000 0.0000 0.0000 0.0000 0.0000 0.0000 0.0000 0.0000 0.3000 0.3500 0.0000 0.0000 0.0000 0.0000 0.0000 0.0000 0.0000 0.0000 0.0000 0.0000 0.0000 0.0000 0.0000 0.0000 0.0000 0.0000 0.0000 0.0000 0.0000 0.0000 0.4000 0.0000 0.6600 0.0000 1.0000 0.0000 0.1000 0.6500 0.0470 0.7800 0.5000 0.5000 0.0000 0.0000 0.0000 0.0000 0.0000 0.0000 0.0000 -it's not very hard!
26 0.0000 0.2000 0.2000 0.0000 0.0000 0.7500 0.5000 0.6000 0.6000 0.0000 0.2200 0.0000 1.0000 1.0000 0.0000 0.0000 0.0000 0.0000 0.0000 0.0000 0.0000 0.0000 0.3000 0.3500 0.0000 0.0000 0.0000 0.0000 0.0000 0.0000 0.0000 0.0000 0.0000 0.0000 0.0000 0.0000 0.0000 0.0000 0.0000 0.0000 0.0000 0.0000 0.0000 0.0000 0.4000 0.0000 0.6600 0.0000 1.0000 0.0000 0.1000 0.6500 0.0470 0.7800 0.5000 0.5000 0.0000 0.0000 0.0000 0.0000 0.0000 0.0000 0.0000 Still here?
27 0.0000 0.2000 0.2000 0.0000 0.0000 0.7500 0.5000 0.6000 0.6000 0.0000 0.2200 0.0000 1.0000 1.0000 0.0000 0.0000 0.0000 0.0000 0.0000 0.0000 0.0000 0.0000 0.3000 0.3500 0.0000 0.0000 0.0000 0.0000 0.0000 0.0000 0.0000 0.0000 0.0000 0.0000 0.0000 0.0000 0.0000 0.0000 0.0000 0.0000 0.0000 0.0000 0.0000 0.0000 0.4000 0.0000 0.6600 0.0000 1.0000 0.0000 0.1000 0.6500 0.0470 0.7800 0.5000 0.5000 0.0000 0.0000 0.0000 0.0000 0.0000 0.0000 0.0000 Come on now!
28 0.0000 0.2000 0.2000 0.0000 0.0000 0.7500 0.5000 0.6000 0.6000 0.0000 0.2200 0.0000 1.0000 1.0000 0.0000 0.0000 0.0000 0.0000 0.0000 0.0000 0.0000 0.0000 0.3000 0.3500 0.0000 0.0000 0.0000 0.0000 0.0000 0.0000 0.0000 0.0000 0.0000 0.0000 0.0000 0.0000 0.0000 0.0000 0.0000 0.0000 0.0000 0.0000 0.0000 0.0000 0.4000 0.0000 0.6600 0.0000 1.0000 0.0000 0.1000 0.6500 0.0470 0.7800 0.5000 0.5000 0.0000 0.0000 0.0000 0.0000 0.0000 0.0000 0.0000 You can't wait forever.
29 0.0000 0.2000 0.2000 0.0000 0.0000 0.7500 0.5000 0.6000 0.6000 0.0000 0.2200 0.0000 1.0000 1.0000 0.0000 0.0000 0.0000 0.0000 0.0000 0.0000 0.0000 0.0000 0.3000 0.3500 0.0000 0.0000 0.0000 0.0000 0.0000 0.0000 0.0000 0.0000 0.0000 0.0000 0.0000 0.0000 0.0000 0.0000 0.0000 0.0000 0.0000 0.0000 0.0000 0.0000 0.4000 0.0000 0.6600 0.0000 1.0000 0.0000 0.1000 0.6500 0.0470 0.7800 0.5000 0.5000 0.0000 0.0000 0.0000 0.0000 0.0000 0.0000 0.0000 Give it a try.
30 0.0000 0.2000 0.2000 0.0000 0.0000 0.7500 0.5000 0.6000 0.6000 0.0000 0.2200 0.0000 1.0000 1.0000 0.0000 0.0000 0.0000 0.0000 0.0000 0.0000 0.0000 0.0000 0.3000 0.3500 0.0000 0.0000 0.0000 0.0000 0.0000 0.0000 0.0000 0.0000 0.0000 0.0000 0.0000 0.0000 0.0000 0.0000 0.0000 0.0000 0.0000 0.0000 0.0000 0.0000 0.4000 0.0000 0.6600 0.0000 1.0000 0.0000 0.1000 0.6500 0.0470 0.7800 0.5000 0.5000 0.0000 0.0000 0.0000 0.0000 0.0000 0.0000 0.0000 Not?
31 0.0000 0.2000 0.2000 0.0000 0.0000 0.7500 0.5000 0.6000 0.6000 0.0000 0.2200 0.0000 1.0000 1.0000 0.0000 0.0000 0.0000 0.0000 0.0000 0.0000 0.0000 0.0000 0.3000 0.3500 0.0000 0.0000 0.0000 0.0000 0.0000 0.0000 0.0000 0.0000 0.0000 0.0000 0.0000 0.0000 0.0000 0.0000 0.0000 0.0000 0.0000 0.0000 0.0000 0.0000 0.4000 0.0000 0.6600 0.0000 1.0000 0.0000 0.1000 0.6500 0.0470 0.7800 0.5000 0.5000 0.0000 0.0000 0.0000 0.0000 0.0000 0.0000 0.0000 --init--
